0.000000e+00 
1.538462e-02 
3.076923e-02 
4.615385e-02 
6.153846e-02 
7.692308e-02 
9.230769e-02 
1.076923e-01 
1.230769e-01 
1.384615e-01 
1.538462e-01 
1.692308e-01 
1.846154e-01 
2.000000e-01 
2.153846e-01 
2.307692e-01 
2.461538e-01 
2.615385e-01 
2.769231e-01 
2.923077e-01 
3.076923e-01 
3.230769e-01 
3.384615e-01 
3.538462e-01 
3.692308e-01 
3.846154e-01 
4.000000e-01 
4.153846e-01 
4.307692e-01 
4.461538e-01 
4.615385e-01 
4.769231e-01 
4.923077e-01 
5.076923e-01 
5.230770e-01 
5.384616e-01 
5.538462e-01 
5.692308e-01 
5.846154e-01 
6.000000e-01 
6.153846e-01 
6.307693e-01 
6.461539e-01 
6.615385e-01 
6.769231e-01 
6.923077e-01 
7.076923e-01 
7.230769e-01 
7.384616e-01 
7.538462e-01 
7.692308e-01 
7.846154e-01 
8.000000e-01 
8.153846e-01 
8.307692e-01 
8.461539e-01 
8.615385e-01 
8.769231e-01 
8.923077e-01 
9.076923e-01 
9.230769e-01 
9.384615e-01 
9.538462e-01 
9.692308e-01 
9.846154e-01 
