0.000000e+00 
7.751938e-03 
1.550388e-02 
2.325581e-02 
3.100775e-02 
3.875969e-02 
4.651163e-02 
5.426357e-02 
6.201550e-02 
6.976745e-02 
7.751938e-02 
8.527132e-02 
9.302326e-02 
1.007752e-01 
1.085271e-01 
1.162791e-01 
1.240310e-01 
1.317829e-01 
1.395349e-01 
1.472868e-01 
1.550388e-01 
1.627907e-01 
1.705426e-01 
1.782946e-01 
1.860465e-01 
1.937985e-01 
2.015504e-01 
2.093023e-01 
2.170543e-01 
2.248062e-01 
2.325581e-01 
2.403101e-01 
2.480620e-01 
2.558140e-01 
2.635659e-01 
2.713178e-01 
2.790698e-01 
2.868217e-01 
2.945736e-01 
3.023256e-01 
3.100775e-01 
3.178295e-01 
3.255814e-01 
3.333333e-01 
3.410853e-01 
3.488372e-01 
3.565891e-01 
3.643411e-01 
3.720930e-01 
3.798450e-01 
3.875969e-01 
3.953488e-01 
4.031008e-01 
4.108527e-01 
4.186046e-01 
4.263566e-01 
4.341085e-01 
4.418605e-01 
4.496124e-01 
4.573644e-01 
4.651163e-01 
4.728682e-01 
4.806201e-01 
4.883721e-01 
4.961240e-01 
